CUR

16166, 111, 693. - 9111616, 711, 196.
- 6666111116 1116111,1, 959.-666-
61611 9116161111 limine, 711,4.
(366616611161,111, 961. - 1611111
969611,1, 669.-11916,17,616.-
166116 9166 1161616661, 17, 64. -

CUR 451

-161 1166116 666111, 7111, 636. -
66611161,111, 336917, 169.-166911
11 6111, 711 , 466. - 1111661, 711,
66. - 16191, 7, 665. - 661161 1111-
1111 9161161, 17, 416. - 6611116111,
7, 549. - 1111691116, 71, 959. -··

1611166, 11, 666. - 91161666, 71, 33. 1611611, 711, 356-66116116 1119161,

- 16161, 71, 666.-666111 161161,
711, 396. - 666161,11, 166. -
916116,1, 196 11611- 166661, 71,
66-1611111, 11, 169.-1661167111,
164. -111161, 7111, 199- umbre,
1, 964. -·- 666616 611196166961, 71,
444. - 11911611,7, 669. - 6916166,
711,641. - 1611119111, 7, 361. -
mmstm7w;w‚nn-hm‚
III, 461. - 61661116 611111,1, 559.
- 16 1111661, 7, 669. -1111111, 1,
161. - 1616161, 17, 369. - 6616
116111, 17, 464. ·- 9111116, 7111,
449. -, 911166, 111, 694.-916161661,
711, 516- 16661 611611,11, 359.
- 11116111, 7111, 64. - simillima
Phryxo,V, 363.-11111111, 111, 319.
- 1616116, 11, 663.

caneo· (911)11116611 166111, 71,
636. - 6661116661116 916111 161161,
111, 164.

Cupido 116111161, 7111, 636.

Cupit 66661 1111611711, 699-1111,
vn, 469.-6116611111 111116,711, 666.
-11166111,711, 641.-66911116 116611
661161661, 7, 635. - 16169111111116,
1, 946. -66911111161611, 7, 61. -
1691161 1116611111 661616, 711, 434.
-669166 1161161 11 11111 , 71, 496.-
1911616, 1, 639.-66116, 1, 646. -
1111,17, 649. - 1111911,11, 131.

0691161666, I, 994.

(11116 66911, VH, 169. - 11111111
pugna, V, 534. - 6111111111, 71,
419.-6161161 6111619111611,71,494.
’1901117111 ¹73¹—iuss2m2 lv·
364. - 1669166166, 7, 366. - 616-
91161, 17, 696. - 666116, 111, 399.
-666111, V, 19. - 616611, 1, 693.

-96116116,1,199.-16116,1,619.

V, 335. - 66111661, 1, 959. - 11161
1111116, 1, 64. -66911161,7, 63.-
119161, 1, 66. ·- 1191111 1666611661,
111, 449.- 61916111, VIII, 64. -
curarum 6161116, 1,566.-11116616-
16111111,11, 399. - 61111, 71, 666.
-161611, 111 , 966. -16111111, 17,
469.-· 9111111,1, 636. - 1166111
1616616, 711, 669. ·- 1161616 6611111,
7111, 666.- 116611111, 17, 963. -
6661611, 7, 666. - 6611661666 6111-
1111, 7111, 633. -- 6911 9161616, 71,
663. -16611 111116,11,113; 17,9.
- 669116 666, 111, 366. - 6666616,
111, 469. - dubiis 1611611, 111, 663.
-1119111,17,536; 711, 641. —-
16111,11, 139.-1161161,711, 163.
-961,1,933. - relinquere, 11, 161.
- 6116 1666161116, 1, 369-666611,
7, 364. -161161 666 1611166111 pre·
111, 71, 96.

Currere 6196611 1616, 1, 369. -
11116111,1, 665. ·- 11116, 17, 336. -
16111 6116111 6116111, 17, 669--1161-
9616 616111, 7111, 469.-6661116666
161961, 7, 644. - 1111161 91616666,
111, 166. -6611661 11161111 11611, 7,
166. -- 1111666 61611111, 71, 665. -
66111116, 111, 614. - 91161661, 17,
83. - 91166191, 1, 536. - 661661
1691111161,7, 14. - 11169611,17,
439- 666661161616666,11, 469.
- curru 111, 7111, 164.-9611666-
1166111, 111 , 646. - 661116 11116661,
11, 99. - 16169111 6111,111,614.-
6116666 69111,11, 613. - 661161 1-
966111,1, 463. -— 6611111 ,1 11, 466.-
6616661166111, 11, 49- 11116616.
91161, 7, 96. - 119111, 111, 469.-
16619111, 1, 3. -161111166 66111111,

69

 

